image: map.png
resolution: 0.05
#resolution: 1
origin: [-5.00000, -6.000000, 0.000000]
#origin: [-100.00, -120.00, 0.00]
negate: 0
occupied_thresh: 0.65
free_thresh: 0.196

